     20000     1    8.5948    2.7703
     20050     1    8.6056    2.8032
     20100     1    8.6164    2.8360
     20150     1    8.6272    2.8689
     20200     1    8.6380    2.9017
     20250     1    8.6489    2.9346
     20300     1    8.6597    2.9676
     20350     1    8.6705    3.0006
     20400     1    8.6813    3.0337
     20450     1    8.6921    3.0668
     20500     1    8.7029    3.1001
     20550     1    8.7137    3.1335
     20600     1    8.7245    3.1670
     20650     1    8.7352    3.2008
     20700     1    8.7459    3.2351
     20750     1    8.7565    3.2701
     20800     1    8.7671    3.3061
     20850     1    8.7775    3.3437
     20900     1    8.7878    3.3832
     20950     1    8.7978    3.4249
     21000     1    8.8077    3.4686
     21050     1    8.8174    3.5138
     21100     1    8.8270    3.5599
     21150     1    8.8365    3.6065
     21200     1    8.8459    3.6533
     21250     1    8.8553    3.7000
     21300     1    8.8647    3.7462
     21350     1    8.8740    3.7920
     21400     1    8.8834    3.8375
     21450     1    8.8927    3.8826
     21500     1    8.9020    3.9273
     21550     1    8.9114    3.9713
     21600     1    8.9207    4.0149
     21650     1    8.9301    4.0583
     21700     1    8.9393    4.1009
     21750     1    8.9485    4.1429
     21800     1    8.9579    4.1849
     21850     1    8.9561    4.1834
     21900     1    8.9596    4.2008
     21950     1    8.9686    4.2442
     22000     1    8.9777    4.2873
     22050     1    8.9868    4.3299
     22100     1    8.9960    4.3720
     22150     1    9.0052    4.4133
     22200     1    9.0144    4.4539
     22250     1    9.0237    4.4945
     22300     1    9.0331    4.5347
     22350     1    9.0424    4.5749
     22400     1    9.0518    4.6143
     22450     1    9.0612    4.6527
     22500     1    9.0684    4.6839
     22550     1    9.0778    4.7231
     22600     1    9.0871    4.7625
     22650     1    9.0963    4.8023
     22700     1    9.1055    4.8407
     22750     1    9.1146    4.8792
     22800     1    9.1237    4.9184
     22850     1    9.1328    4.9579
