     21950     1    8.5916    2.7836
     22000     1    8.6024    2.8164
     22050     1    8.6133    2.8493
     22100     1    8.6241    2.8821
     22150     1    8.6349    2.9150
     22200     1    8.6457    2.9479
     22250     1    8.6565    2.9809
     22300     1    8.6673    3.0139
     22350     1    8.6781    3.0470
     22400     1    8.6889    3.0801
     22450     1    8.6997    3.1134
     22500     1    8.7105    3.1468
     22550     1    8.7212    3.1802
     22600     1    8.7320    3.2140
     22650     1    8.7427    3.2483
     22700     1    8.7533    3.2833
     22750     1    8.7638    3.3194
     22800     1    8.7742    3.3572
     22850     1    8.7843    3.3971
     22900     1    8.7943    3.4395
     22950     1    8.8040    3.4840
     23000     1    8.8136    3.5300
     23050     1    8.8230    3.5769
     23100     1    8.8323    3.6243
     23150     1    8.8416    3.6717
     23200     1    8.8508    3.7190
     23250     1    8.8600    3.7658
     23300     1    8.8691    3.8121
     23350     1    8.8750    3.8480
     23400     1    8.8760    3.8623
     23450     1    8.8844    3.9129
     23500     1    8.8930    3.9612
     23550     1    8.9017    4.0079
     23600     1    8.9078    4.0423
     23650     1    8.9156    4.0824
     23700     1    8.9245    4.1270
     23750     1    8.9334    4.1710
     23800     1    8.9423    4.2144
     23850     1    8.9512    4.2574
     23900     1    8.9602    4.2995
     23950     1    8.9693    4.3413
     24000     1    8.9783    4.3828
     24050     1    8.9874    4.4239
     24100     1    8.9965    4.4647
     24150     1    9.0057    4.5047
     24200     1    9.0149    4.5443
     24250     1    9.0242    4.5837
     24300     1    9.0335    4.6228
     24350     1    9.0429    4.6618
     24400     1    9.0523    4.7003
     24450     1    9.0616    4.7381
     24500     1    9.0710    4.7763
     24550     1    9.0803    4.8148
     24600     1    9.0895    4.8536
     24650     1    9.0987    4.8927
     24700     1    9.1077    4.9305
     24750     1    9.1168    4.9687
     24800     1    9.1257    5.0074
     24850     1    9.1347    5.0461
