     23600     1    8.5964    2.7532
     23650     1    8.6072    2.7860
     23700     1    8.6181    2.8188
     23750     1    8.6289    2.8516
     23800     1    8.6397    2.8844
     23850     1    8.6506    2.9174
     23900     1    8.6613    2.9503
     23950     1    8.6722    2.9832
     24000     1    8.6830    3.0163
     24050     1    8.6938    3.0494
     24100     1    8.7046    3.0826
     24150     1    8.7154    3.1161
     24200     1    8.7262    3.1496
     24250     1    8.7369    3.1833
     24300     1    8.7476    3.2176
     24350     1    8.7583    3.2525
     24400     1    8.7689    3.2884
     24450     1    8.7793    3.3257
     24500     1    8.7897    3.3648
     24550     1    8.7998    3.4058
     24600     1    8.8098    3.4487
     24650     1    8.8197    3.4929
     24700     1    8.8294    3.5381
     24750     1    8.8391    3.5839
     24800     1    8.8487    3.6299
     24850     1    8.8583    3.6758
     24900     1    8.8678    3.7214
     24950     1    8.8773    3.7666
     25000     1    8.8868    3.8116
     25050     1    8.8964    3.8563
     25100     1    8.9059    3.9004
     25150     1    8.9154    3.9441
     25200     1    8.9249    3.9875
     25250     1    8.9344    4.0306
     25300     1    8.9439    4.0735
     25350     1    8.9534    4.1158
     25400     1    8.9629    4.1576
     25450     1    8.9724    4.1993
     25500     1    8.9819    4.2410
     25550     1    8.9914    4.2823
     25600     1    9.0010    4.3234
     25650     1    9.0105    4.3632
     25700     1    9.0200    4.4034
     25750     1    9.0296    4.4435
     25800     1    9.0391    4.4839
     25850     1    9.0487    4.5238
     25900     1    9.0582    4.5621
     25950     1    9.0678    4.6004
     26000     1    9.0773    4.6398
     26050     1    9.0868    4.6793
     26100     1    9.0962    4.7195
     26150     1    9.1056    4.7575
     26200     1    9.1149    4.7961
     26250     1    9.1241    4.8356
     26300     1    9.1332    4.8763
     26350     1    9.1423    4.9168
