      9250     1    8.5810    2.8081
      9300     1    8.5918    2.8411
      9350     1    8.6025    2.8742
      9400     1    8.6133    2.9074
      9450     1    8.6241    2.9406
      9500     1    8.6349    2.9739
      9550     1    8.6456    3.0072
      9600     1    8.6564    3.0407
      9650     1    8.6671    3.0742
      9700     1    8.6778    3.1078
      9750     1    8.6885    3.1415
      9800     1    8.6992    3.1756
      9850     1    8.7098    3.2100
      9900     1    8.7204    3.2451
      9950     1    8.7309    3.2809
     10000     1    8.7413    3.3179
     10050     1    8.7515    3.3560
     10100     1    8.7615    3.3949
     10150     1    8.7714    3.4358
     10200     1    8.7812    3.4783
     10250     1    8.7908    3.5223
     10300     1    8.8002    3.5678
     10350     1    8.8093    3.6141
     10400     1    8.8184    3.6611
     10450     1    8.8273    3.7086
     10500     1    8.8362    3.7561
     10550     1    8.8354    3.7575
     10600     1    8.8352    3.7573
     10650     1    8.8393    3.7819
     10700     1    8.8477    3.8313
     10750     1    8.8562    3.8796
     10800     1    8.8647    3.9269
     10850     1    8.8732    3.9734
     10900     1    8.8817    4.0191
     10950     1    8.8898    4.0625
     11000     1    8.8979    4.1048
     11050     1    8.9065    4.1490
     11100     1    8.9151    4.1925
     11150     1    8.9238    4.2356
     11200     1    8.9325    4.2782
     11250     1    8.9413    4.3204
     11300     1    8.9500    4.3622
     11350     1    8.9588    4.4034
     11400     1    8.9677    4.4442
     11450     1    8.9766    4.4846
     11500     1    8.9856    4.5247
     11550     1    8.9946    4.5644
     11600     1    9.0037    4.6036
     11650     1    9.0129    4.6421
     11700     1    9.0221    4.6804
     11750     1    9.0314    4.7184
     11800     1    9.0408    4.7565
     11850     1    9.0501    4.7945
     11900     1    9.0593    4.8319
     11950     1    9.0685    4.8696
     12000     1    9.0777    4.9077
     12050     1    9.0867    4.9461
     12100     1    9.0956    4.9845
     12150     1    9.1045    5.0226
     12200     1    9.1134    5.0603
     12250     1    9.1223    5.0984
