     16250     1    8.5925    2.8080
     16300     1    8.6033    2.8409
     16350     1    8.6142    2.8738
     16400     1    8.6250    2.9067
     16450     1    8.6358    2.9396
     16500     1    8.6466    2.9726
     16550     1    8.6574    3.0056
     16600     1    8.6682    3.0388
     16650     1    8.6790    3.0719
     16700     1    8.6898    3.1050
     16750     1    8.7006    3.1383
     16800     1    8.7113    3.1717
     16850     1    8.7221    3.2053
     16900     1    8.7328    3.2392
     16950     1    8.7434    3.2738
     17000     1    8.7540    3.3093
     17050     1    8.7644    3.3462
     17100     1    8.7746    3.3850
     17150     1    8.7847    3.4262
     17200     1    8.7945    3.4698
     17250     1    8.8040    3.5153
     17300     1    8.8134    3.5620
     17350     1    8.8227    3.6093
     17400     1    8.8319    3.6569
     17450     1    8.8410    3.7046
     17500     1    8.8500    3.7521
     17550     1    8.8501    3.7637
     17600     1    8.8574    3.8125
     17650     1    8.8659    3.8623
     17700     1    8.8745    3.9104
     17750     1    8.8832    3.9574
     17800     1    8.8919    4.0034
     17850     1    8.9007    4.0488
     17900     1    8.9095    4.0933
     17950     1    8.9164    4.1284
     18000     1    8.9252    4.1720
     18050     1    8.9341    4.2152
     18100     1    8.9430    4.2579
     18150     1    8.9519    4.3002
     18200     1    8.9609    4.3418
     18250     1    8.9699    4.3831
     18300     1    8.9789    4.4240
     18350     1    8.9880    4.4647
     18400     1    8.9971    4.5049
     18450     1    9.0062    4.5445
     18500     1    9.0155    4.5836
     18550     1    9.0248    4.6224
     18600     1    9.0321    4.6536
     18650     1    9.0415    4.6922
     18700     1    9.0509    4.7306
     18750     1    9.0602    4.7683
     18800     1    9.0695    4.8062
     18850     1    9.0788    4.8446
     18900     1    9.0879    4.8832
     18950     1    9.0970    4.9222
     19000     1    9.1060    4.9602
     19050     1    9.1150    4.9984
     19100     1    9.1239    5.0367
