     11300     1    8.5857    2.7961
     11350     1    8.5964    2.8291
     11400     1    8.6072    2.8622
     11450     1    8.6180    2.8954
     11500     1    8.6288    2.9285
     11550     1    8.6396    2.9618
     11600     1    8.6503    2.9951
     11650     1    8.6611    3.0285
     11700     1    8.6718    3.0619
     11750     1    8.6826    3.0954
     11800     1    8.6933    3.1291
     11850     1    8.7040    3.1629
     11900     1    8.7147    3.1971
     11950     1    8.7253    3.2317
     12000     1    8.7359    3.2670
     12050     1    8.7463    3.3035
     12100     1    8.7567    3.3414
     12150     1    8.7668    3.3809
     12200     1    8.7768    3.4221
     12250     1    8.7866    3.4652
     12300     1    8.7962    3.5099
     12350     1    8.8056    3.5560
     12400     1    8.8057    3.5592
     12450     1    8.8059    3.5607
     12500     1    8.8145    3.6071
     12550     1    8.8235    3.6556
     12600     1    8.8324    3.7039
     12650     1    8.8413    3.7519
     12700     1    8.8501    3.7997
     12750     1    8.8589    3.8468
     12800     1    8.8676    3.8934
     12850     1    8.8764    3.9396
     12900     1    8.8852    3.9852
     12950     1    8.8940    4.0304
     13000     1    8.9028    4.0750
     13050     1    8.9117    4.1189
     13100     1    8.9205    4.1624
     13150     1    8.9294    4.2054
     13200     1    8.9370    4.2422
     13250     1    8.9450    4.2804
     13300     1    8.9539    4.3222
     13350     1    8.9629    4.3636
     13400     1    8.9719    4.4046
     13450     1    8.9809    4.4454
     13500     1    8.9900    4.4858
     13550     1    8.9991    4.5259
     13600     1    9.0082    4.5651
     13650     1    9.0175    4.6041
     13700     1    9.0253    4.6384
     13750     1    9.0345    4.6763
     13800     1    9.0438    4.7148
     13850     1    9.0531    4.7529
     13900     1    9.0625    4.7905
     13950     1    9.0718    4.8285
     14000     1    9.0810    4.8668
     14050     1    9.0902    4.9055
     14100     1    9.0992    4.9441
     14150     1    9.1082    4.9817
     14200     1    9.1172    5.0198
     14250     1    9.1261    5.0580
