      5350     1    8.5772    2.8878
      5400     1    8.5880    2.9209
      5450     1    8.5987    2.9542
      5500     1    8.6095    2.9875
      5550     1    8.6202    3.0209
      5600     1    8.6310    3.0542
      5650     1    8.6417    3.0876
      5700     1    8.6524    3.1212
      5750     1    8.6631    3.1547
      5800     1    8.6738    3.1883
      5850     1    8.6845    3.2220
      5900     1    8.6952    3.2561
      5950     1    8.7057    3.2905
      6000     1    8.7163    3.3255
      6050     1    8.7267    3.3613
      6100     1    8.7370    3.3980
      6150     1    8.7471    3.4358
      6200     1    8.7572    3.4747
      6250     1    8.7670    3.5149
      6300     1    8.7767    3.5563
      6350     1    8.7862    3.5993
      6400     1    8.7954    3.6438
      6450     1    8.8043    3.6895
      6500     1    8.8131    3.7360
      6550     1    8.8217    3.7831
      6600     1    8.8301    3.8302
      6650     1    8.8385    3.8775
      6700     1    8.8468    3.9245
      6750     1    8.8429    3.9149
      6800     1    8.8453    3.9298
      6850     1    8.8523    3.9718
      6900     1    8.8604    4.0183
      6950     1    8.8685    4.0642
      7000     1    8.8766    4.1096
      7050     1    8.8848    4.1544
      7100     1    8.8930    4.1987
      7150     1    8.9012    4.2424
      7200     1    8.9094    4.2855
      7250     1    8.9177    4.3280
      7300     1    8.9261    4.3700
      7350     1    8.9345    4.4116
      7400     1    8.9430    4.4528
      7450     1    8.9515    4.4935
      7500     1    8.9601    4.5336
      7550     1    8.9688    4.5732
      7600     1    8.9776    4.6124
      7650     1    8.9866    4.6511
      7700     1    8.9956    4.6893
      7750     1    9.0049    4.7269
      7800     1    9.0141    4.7640
      7850     1    9.0234    4.8012
      7900     1    9.0327    4.8385
      7950     1    9.0418    4.8762
      8000     1    9.0507    4.9141
      8050     1    9.0595    4.9520
      8100     1    9.0682    4.9901
      8150     1    9.0768    5.0284
      8200     1    9.0853    5.0668
      8250     1    9.0938    5.1053
      8300     1    9.1023    5.1434
      8350     1    9.1108    5.1810
