     10050     1    8.5839    2.8357
     10100     1    8.5947    2.8686
     10150     1    8.6055    2.9015
     10200     1    8.6163    2.9345
     10250     1    8.6271    2.9674
     10300     1    8.6379    3.0004
     10350     1    8.6487    3.0335
     10400     1    8.6595    3.0667
     10450     1    8.6703    3.0998
     10500     1    8.6810    3.1330
     10550     1    8.6918    3.1664
     10600     1    8.7025    3.1999
     10650     1    8.7132    3.2336
     10700     1    8.7239    3.2677
     10750     1    8.7345    3.3023
     10800     1    8.7450    3.3377
     10850     1    8.7554    3.3744
     10900     1    8.7656    3.4129
     10950     1    8.7756    3.4533
     11000     1    8.7854    3.4958
     11050     1    8.7949    3.5402
     11100     1    8.8042    3.5861
     11150     1    8.8130    3.6320
     11200     1    8.8220    3.6796
     11250     1    8.8309    3.7275
     11300     1    8.8397    3.7752
     11350     1    8.8425    3.7998
     11400     1    8.8425    3.7998
     11450     1    8.8425    3.7999
     11500     1    8.8425    3.8001
     11550     1    8.8426    3.8006
     11600     1    8.8428    3.8020
     11650     1    8.8435    3.8064
     11700     1    8.8443    3.8114
     11750     1    8.8454    3.8182
     11800     1    8.8470    3.8282
     11850     1    8.8500    3.8468
     11900     1    8.8575    3.8917
     11950     1    8.8653    3.9371
     12000     1    8.8737    3.9840
     12050     1    8.8822    4.0301
     12100     1    8.8907    4.0755
     12150     1    8.8992    4.1204
     12200     1    8.9078    4.1644
     12250     1    8.9164    4.2078
     12300     1    8.9251    4.2508
     12350     1    8.9336    4.2917
     12400     1    8.9423    4.3338
     12450     1    8.9510    4.3755
     12500     1    8.9598    4.4165
     12550     1    8.9687    4.4572
     12600     1    8.9776    4.4974
     12650     1    8.9866    4.5373
     12700     1    8.9945    4.5722
     12750     1    9.0036    4.6110
     12800     1    9.0128    4.6493
     12850     1    9.0221    4.6874
     12900     1    9.0315    4.7252
     12950     1    9.0408    4.7632
     13000     1    9.0501    4.8012
     13050     1    9.0593    4.8387
     13100     1    9.0684    4.8767
     13150     1    9.0775    4.9150
     13200     1    9.0864    4.9536
     13250     1    9.0952    4.9923
     13300     1    9.1040    5.0307
     13350     1    9.1128    5.0686
     13400     1    9.1215    5.1066
