      7550     1    8.5836    2.8462
      7600     1    8.5944    2.8792
      7650     1    8.6052    2.9124
      7700     1    8.6160    2.9456
      7750     1    8.6267    2.9789
      7800     1    8.6375    3.0122
      7850     1    8.6482    3.0456
      7900     1    8.6590    3.0791
      7950     1    8.6697    3.1126
      8000     1    8.6804    3.1462
      8050     1    8.6911    3.1800
      8100     1    8.7018    3.2141
      8150     1    8.7124    3.2486
      8200     1    8.7229    3.2836
      8250     1    8.7334    3.3195
      8300     1    8.7437    3.3565
      8350     1    8.7539    3.3948
      8400     1    8.7640    3.4343
      8450     1    8.7739    3.4753
      8500     1    8.7833    3.5171
      8550     1    8.7928    3.5615
      8600     1    8.8020    3.6071
      8650     1    8.8111    3.6536
      8700     1    8.8200    3.7007
      8750     1    8.8287    3.7478
      8800     1    8.8375    3.7953
      8850     1    8.8398    3.8129
      8900     1    8.8418    3.8252
      8950     1    8.8501    3.8745
      9000     1    8.8584    3.9225
      9050     1    8.8668    3.9695
      9100     1    8.8751    4.0157
      9150     1    8.8835    4.0614
      9200     1    8.8920    4.1065
      9250     1    8.9005    4.1510
      9300     1    8.9090    4.1947
      9350     1    8.9175    4.2380
      9400     1    8.9261    4.2807
      9450     1    8.9348    4.3230
      9500     1    8.9434    4.3649
      9550     1    8.9521    4.4064
      9600     1    8.9608    4.4473
      9650     1    8.9696    4.4878
      9700     1    8.9784    4.5280
      9750     1    8.9873    4.5679
      9800     1    8.9962    4.6074
      9850     1    9.0053    4.6464
      9900     1    9.0143    4.6848
      9950     1    9.0235    4.7230
     10000     1    9.0327    4.7610
     10050     1    9.0419    4.7990
     10100     1    9.0512    4.8368
     10150     1    9.0604    4.8741
     10200     1    9.0695    4.9117
     10250     1    9.0786    4.9496
     10300     1    9.0876    4.9875
     10350     1    9.0965    5.0258
     10400     1    9.1054    5.0634
     10450     1    9.1142    5.1010
     10500     1    9.1231    5.1386
