     28500     1    8.5794    2.9029
     28550     1    8.5902    2.9358
     28600     1    8.6009    2.9688
     28650     1    8.6117    3.0019
     28700     1    8.6225    3.0350
     28750     1    8.6333    3.0681
     28800     1    8.6440    3.1013
     28850     1    8.6548    3.1346
     28900     1    8.6655    3.1679
     28950     1    8.6759    3.2001
     29000     1    8.6852    3.2294
     29050     1    8.6960    3.2631
     29100     1    8.7064    3.2962
     29150     1    8.7159    3.3264
     29200     1    8.7226    3.3480
     29250     1    8.7305    3.3738
     29300     1    8.7377    3.3979
     29350     1    8.7444    3.4209
     29400     1    8.7507    3.4431
     29450     1    8.7568    3.4650
     29500     1    8.7626    3.4871
     29550     1    8.7685    3.5100
     29600     1    8.7736    3.5306
     29650     1    8.7798    3.5570
     29700     1    8.7853    3.5812
     29750     1    8.7929    3.6160
     29800     1    8.8017    3.6592
     29850     1    8.8040    3.6706
     29900     1    8.8040    3.6707
     29950     1    8.8040    3.6707
     30000     1    8.8040    3.6708
     30050     1    8.8041    3.6711
     30100     1    8.8043    3.6725
     30150     1    8.8048    3.6749
     30200     1    8.8053    3.6773
     30250     1    8.8059    3.6806
     30300     1    8.8070    3.6866
     30350     1    8.8116    3.7101
     30400     1    8.8201    3.7565
     30450     1    8.8286    3.8038
     30500     1    8.8371    3.8511
     30550     1    8.8427    3.8861
     30600     1    8.8430    3.8881
     30650     1    8.8509    3.9346
     30700     1    8.8590    3.9818
     30750     1    8.8672    4.0282
     30800     1    8.8755    4.0739
     30850     1    8.8837    4.1191
     30900     1    8.8920    4.1637
     30950     1    8.9003    4.2077
     31000     1    8.9086    4.2511
     31050     1    8.9170    4.2939
     31100     1    8.9254    4.3362
     31150     1    8.9339    4.3780
     31200     1    8.9425    4.4194
     31250     1    8.9511    4.4603
     31300     1    8.9598    4.5005
     31350     1    8.9686    4.5402
     31400     1    8.9775    4.5793
     31450     1    8.9866    4.6180
     31500     1    8.9958    4.6560
     31550     1    9.0052    4.6934
     31600     1    9.0147    4.7304
     31650     1    9.0241    4.7675
     31700     1    9.0334    4.8050
     31750     1    9.0425    4.8430
     31800     1    9.0514    4.8813
     31850     1    9.0602    4.9195
     31900     1    9.0689    4.9582
     31950     1    9.0774    4.9969
     32000     1    9.0859    5.0359
     32050     1    9.0944    5.0746
     32100     1    9.1028    5.1132
     32150     1    9.1113    5.1511
