     14050     1    8.5859    2.8182
     14100     1    8.5967    2.8510
     14150     1    8.6075    2.8839
     14200     1    8.6183    2.9169
     14250     1    8.6291    2.9498
     14300     1    8.6399    2.9827
     14350     1    8.6507    3.0158
     14400     1    8.6615    3.0489
     14450     1    8.6723    3.0820
     14500     1    8.6831    3.1152
     14550     1    8.6939    3.1484
     14600     1    8.7046    3.1817
     14650     1    8.7154    3.2153
     14700     1    8.7261    3.2490
     14750     1    8.7367    3.2833
     14800     1    8.7473    3.3183
     14850     1    8.7578    3.3545
     14900     1    8.7681    3.3924
     14950     1    8.7781    3.4324
     15000     1    8.7880    3.4749
     15050     1    8.7976    3.5195
     15100     1    8.8069    3.5657
     15150     1    8.8161    3.6128
     15200     1    8.8252    3.6603
     15250     1    8.8342    3.7081
     15300     1    8.8432    3.7558
     15350     1    8.8520    3.8032
     15400     1    8.8518    3.8139
     15450     1    8.8578    3.8568
     15500     1    8.8642    3.8986
     15550     1    8.8724    3.9476
     15600     1    8.8809    3.9949
     15650     1    8.8893    4.0412
     15700     1    8.8979    4.0867
     15750     1    8.9065    4.1314
     15800     1    8.9151    4.1752
     15850     1    8.9232    4.2161
     15900     1    8.9306    4.2529
     15950     1    8.9394    4.2955
     16000     1    8.9481    4.3376
     16050     1    8.9569    4.3792
     16100     1    8.9658    4.4202
     16150     1    8.9747    4.4609
     16200     1    8.9837    4.5012
     16250     1    8.9907    4.5327
     16300     1    8.9930    4.5426
     16350     1    8.9931    4.5432
     16400     1    8.9933    4.5440
     16450     1    8.9936    4.5454
     16500     1    8.9939    4.5467
     16550     1    8.9942    4.5482
     16600     1    8.9946    4.5499
     16650     1    8.9947    4.5504
     16700     1    8.9949    4.5509
     16750     1    8.9956    4.5540
     16800     1    8.9962    4.5567
     16850     1    8.9978    4.5637
     16900     1    8.9986    4.5674
     16950     1    8.9998    4.5726
     17000     1    9.0000    4.5736
     17050     1    9.0012    4.5786
     17100     1    9.0058    4.5982
     17150     1    9.0145    4.6347
     17200     1    9.0238    4.6730
     17250     1    9.0331    4.7112
     17300     1    9.0425    4.7493
     17350     1    9.0518    4.7874
     17400     1    9.0610    4.8249
     17450     1    9.0702    4.8629
     17500     1    9.0793    4.9012
     17550     1    9.0883    4.9399
     17600     1    9.0972    4.9786
     17650     1    9.1060    5.0168
     17700     1    9.1149    5.0547
     17750     1    9.1237    5.0931
