     18700     1    8.5870    2.7429
     18750     1    8.5864    2.7419
     18800     1    8.5859    2.7404
     18850     1    8.5951    2.7686
     18900     1    8.6052    2.8002
     18950     1    8.6148    2.8296
     19000     1    8.6249    2.8609
     19050     1    8.6350    2.8918
     19100     1    8.6458    2.9251
     19150     1    8.6563    2.9578
     19200     1    8.6665    2.9893
     19250     1    8.6769    3.0214
     19300     1    8.6876    3.0545
     19350     1    8.6983    3.0880
     19400     1    8.7089    3.1212
     19450     1    8.7185    3.1512
     19500     1    8.7292    3.1852
     19550     1    8.7357    3.2059
     19600     1    8.7463    3.2407
     19650     1    8.7569    3.2764
     19700     1    8.7648    3.3036
     19750     1    8.7747    3.3397
     19800     1    8.7845    3.3773
     19850     1    8.7946    3.4185
     19900     1    8.8039    3.4590
     19950     1    8.8118    3.4944
     20000     1    8.8213    3.5389
     20050     1    8.8308    3.5850
     20100     1    8.8385    3.6252
     20150     1    8.8478    3.6721
     20200     1    8.8571    3.7191
     20250     1    8.8663    3.7657
     20300     1    8.8756    3.8118
     20350     1    8.8845    3.8562
     20400     1    8.8936    3.9003
     20450     1    8.8987    3.9260
     20500     1    8.9079    3.9705
     20550     1    8.9172    4.0147
     20600     1    8.9264    4.0583
     20650     1    8.9357    4.1017
     20700     1    8.9450    4.1447
     20750     1    8.9543    4.1871
     20800     1    8.9636    4.2290
     20850     1    8.9729    4.2708
     20900     1    8.9822    4.3122
     20950     1    8.9916    4.3534
     21000     1    9.0009    4.3943
     21050     1    9.0103    4.4341
     21100     1    9.0197    4.4740
     21150     1    9.0291    4.5138
     21200     1    9.0386    4.5534
     21250     1    9.0481    4.5929
     21300     1    9.0576    4.6308
     21350     1    9.0672    4.6689
     21400     1    9.0767    4.7073
     21450     1    9.0862    4.7461
     21500     1    9.0957    4.7850
     21550     1    9.1051    4.8229
     21600     1    9.1144    4.8604
     21650     1    9.1237    4.8992
     21700     1    9.1329    4.9380
     21750     1    9.1421    4.9776
