     27200     1    8.5902    2.7118
     27250     1    8.6010    2.7446
     27300     1    8.6118    2.7773
     27350     1    8.6227    2.8102
     27400     1    8.6335    2.8430
     27450     1    8.6443    2.8758
     27500     1    8.6551    2.9088
     27550     1    8.6659    2.9417
     27600     1    8.6767    2.9746
     27650     1    8.6876    3.0077
     27700     1    8.6984    3.0409
     27750     1    8.7092    3.0741
     27800     1    8.7200    3.1074
     27850     1    8.7307    3.1409
     27900     1    8.7415    3.1748
     27950     1    8.7522    3.2093
     28000     1    8.7628    3.2446
     28050     1    8.7734    3.2809
     28100     1    8.7838    3.3188
     28150     1    8.7941    3.3585
     28200     1    8.8043    3.4001
     28250     1    8.8143    3.4434
     28300     1    8.8242    3.4878
     28350     1    8.8340    3.5329
     28400     1    8.8438    3.5785
     28450     1    8.8534    3.6242
     28500     1    8.8631    3.6696
     28550     1    8.8727    3.7147
     28600     1    8.8824    3.7596
     28650     1    8.8920    3.8042
     28700     1    8.9016    3.8485
     28750     1    8.9112    3.8922
     28800     1    8.9208    3.9356
     28850     1    8.9304    3.9787
     28900     1    8.9400    4.0217
     28950     1    8.9496    4.0643
     29000     1    8.9593    4.1060
     29050     1    8.9689    4.1477
     29100     1    8.9785    4.1893
     29150     1    8.9881    4.2310
     29200     1    8.9977    4.2723
     29250     1    9.0073    4.3123
     29300     1    9.0169    4.3523
     29350     1    9.0265    4.3928
     29400     1    9.0361    4.4332
     29450     1    9.0457    4.4737
     29500     1    9.0553    4.5124
     29550     1    9.0649    4.5509
     29600     1    9.0745    4.5897
     29650     1    9.0840    4.6297
     29700     1    9.0935    4.6698
     29750     1    9.1030    4.7090
     29800     1    9.1124    4.7465
     29850     1    9.1216    4.7862
     29900     1    9.1308    4.8266
     29950     1    9.1286    4.8261
     30000     1    9.1367    4.8662
