      7650     1    8.5814    2.8651
      7700     1    8.5922    2.8980
      7750     1    8.6030    2.9310
      7800     1    8.6138    2.9639
      7850     1    8.6245    2.9969
      7900     1    8.6353    3.0300
      7950     1    8.6461    3.0631
      8000     1    8.6569    3.0963
      8050     1    8.6676    3.1295
      8100     1    8.6784    3.1628
      8150     1    8.6891    3.1961
      8200     1    8.6999    3.2297
      8250     1    8.7105    3.2635
      8300     1    8.7212    3.2975
      8350     1    8.7318    3.3321
      8400     1    8.7423    3.3674
      8450     1    8.7527    3.4039
      8500     1    8.7629    3.4419
      8550     1    8.7729    3.4818
      8600     1    8.7826    3.5236
      8650     1    8.7921    3.5674
      8700     1    8.8014    3.6127
      8750     1    8.8103    3.6590
      8800     1    8.8192    3.7063
      8850     1    8.8280    3.7538
      8900     1    8.8366    3.8014
      8950     1    8.8452    3.8489
      9000     1    8.8427    3.8437
      9050     1    8.8427    3.8437
      9100     1    8.8427    3.8439
      9150     1    8.8428    3.8445
      9200     1    8.8436    3.8494
      9250     1    8.8446    3.8566
      9300     1    8.8462    3.8668
      9350     1    8.8490    3.8856
      9400     1    8.8564    3.9307
      9450     1    8.8645    3.9786
      9500     1    8.8727    4.0254
      9550     1    8.8795    4.0630
      9600     1    8.8878    4.1085
      9650     1    8.8961    4.1532
      9700     1    8.9045    4.1973
      9750     1    8.9130    4.2407
      9800     1    8.9215    4.2835
      9850     1    8.9300    4.3259
      9900     1    8.9386    4.3677
      9950     1    8.9472    4.4092
     10000     1    8.9559    4.4501
     10050     1    8.9647    4.4904
     10100     1    8.9735    4.5303
     10150     1    8.9824    4.5698
     10200     1    8.9915    4.6088
     10250     1    9.0007    4.6472
     10300     1    9.0099    4.6849
     10350     1    9.0193    4.7224
     10400     1    9.0287    4.7598
     10450     1    9.0380    4.7975
     10500     1    9.0472    4.8354
     10550     1    9.0563    4.8732
     10600     1    9.0652    4.9112
     10650     1    9.0740    4.9496
     10700     1    9.0828    4.9881
     10750     1    9.0914    5.0269
     10800     1    9.1001    5.0656
     10850     1    9.1064    5.0940
     10900     1    9.1150    5.1319
