     14800     1    8.5853    2.7621
     14850     1    8.5960    2.7951
     14900     1    8.6068    2.8282
     14950     1    8.6176    2.8614
     15000     1    8.6284    2.8946
     15050     1    8.6392    2.9278
     15100     1    8.6500    2.9611
     15150     1    8.6607    2.9945
     15200     1    8.6715    3.0278
     15250     1    8.6823    3.0612
     15300     1    8.6930    3.0947
     15350     1    8.7038    3.1284
     15400     1    8.7145    3.1622
     15450     1    8.7252    3.1962
     15500     1    8.7359    3.2308
     15550     1    8.7464    3.2662
     15600     1    8.7569    3.3027
     15650     1    8.7673    3.3408
     15700     1    8.7774    3.3808
     15750     1    8.7874    3.4230
     15800     1    8.7972    3.4670
     15850     1    8.8068    3.5126
     15900     1    8.8162    3.5591
