     17300     1    8.5831    2.7650
     17350     1    8.5939    2.7980
     17400     1    8.6047    2.8310
     17450     1    8.6155    2.8640
     17500     1    8.6263    2.8971
     17550     1    8.6371    2.9302
     17600     1    8.6479    2.9635
     17650     1    8.6586    2.9968
     17700     1    8.6694    3.0301
     17750     1    8.6802    3.0635
     17800     1    8.6909    3.0970
     17850     1    8.7017    3.1307
     17900     1    8.7124    3.1646
     17950     1    8.7230    3.1988
     18000     1    8.7337    3.2336
     18050     1    8.7442    3.2693
     18100     1    8.7546    3.3063
     18150     1    8.7649    3.3449
     18200     1    8.7750    3.3854
     18250     1    8.7850    3.4278
     18300     1    8.7947    3.4721
     18350     1    8.8042    3.5178
     18400     1    8.8068    3.5405
     18450     1    8.8067    3.5401
     18500     1    8.8065    3.5397
     18550     1    8.8064    3.5393
     18600     1    8.8062    3.5389
     18650     1    8.8061    3.5386
     18700     1    8.8060    3.5383
     18750     1    8.8059    3.5380
     18800     1    8.8060    3.5394
     18850     1    8.8072    3.5483
     18900     1    8.8087    3.5589
     18950     1    8.8115    3.5760
     19000     1    8.8180    3.6134
     19050     1    8.8269    3.6626
     19100     1    8.8358    3.7112
     19150     1    8.8439    3.7563
     19200     1    8.8527    3.8044
     19250     1    8.8615    3.8517
     19300     1    8.8703    3.8983
     19350     1    8.8782    3.9405
     19400     1    8.8870    3.9860
     19450     1    8.8958    4.0311
     19500     1    8.9047    4.0756
     19550     1    8.9136    4.1195
     19600     1    8.9225    4.1628
     19650     1    8.9314    4.2057
     19700     1    8.9403    4.2483
     19750     1    8.9493    4.2906
     19800     1    8.9583    4.3321
     19850     1    8.9673    4.3733
     19900     1    8.9763    4.4142
     19950     1    8.9854    4.4549
     20000     1    8.9945    4.4952
     20050     1    9.0018    4.5278
     20100     1    9.0110    4.5670
     20150     1    9.0202    4.6061
     20200     1    9.0295    4.6448
     20250     1    9.0389    4.6835
     20300     1    9.0482    4.7219
     20350     1    9.0576    4.7596
     20400     1    9.0670    4.7972
     20450     1    9.0763    4.8352
     20500     1    9.0856    4.8735
     20550     1    9.0947    4.9121
     20600     1    9.1039    4.9500
     20650     1    9.1129    4.9877
     20700     1    9.1220    5.0257
     20750     1    9.1310    5.0640
